AMT: 259.32907
AMZN: 3326.127
BA: 190.80597
DD: 74.395996
DUK: 110.52246
FB: 232.98663
JPM: 136.91823
KO: 62.634335
MSFT: 315.17953
PFE: 51.12599
XOM: 84.35329
XOM: 80.10797
